1023         0          0
   0     81920      82408
 512    -91738      91746
 256         8          8
 768    -88742     -43274
 128    -82384       8805
 640     23018      -1595
 384     -3867      55586
 896     -3663      34140
  64    -34057      29866
 576    -74109      25094
 320     31007      30944
 832    -22549     -20028
 192    -20974     -22831
 704    -38440     -49011
 448     21855       9224
 960    103899      31814
  32     27591       1132
 544    -26909     -30308
 288     -5443      15824
 800      4009       4140
 160    -20619      -7059
 672     46181     -16713
 416      7362       5248
 928    -31764     -36568
  96     31225      -6646
 608     -8073       8570
 352    -12078     -19929
 864     14862     -45495
 224    -21899      -9378
 736      4725      -1894
 480    -23613      -9298
 992     16395     -45242
  16     10123       1532
 528       451       4822
 272     -2000       4729
 784     36710      -7935
 144    -15305      12442
 656     10667       5660
 400     12796     -10133
 912    -37762       8299
  80    -46964     -56232
 592     38488      30906
 336     49703     -47419
 848     24085      10561
 208     -3956     -12138
 720     -9368       1890
 464     16838      23094
 976    -15258      24818
  48      1523      22868
 560    -18495      21526
 304     -1273       4570
 816    -23127       -868
 176     -3582     -23504
 688    -42030      42622
 432     25309     -57769
 944    -40405      11819
 112     42234       8294
 624    -11918      -4914
 368     23722       5338
 880    -13814      11022
 240      8698     -21488
 752      2166      -1494
 496      3767      -6503
1008    -19143     -15215
   8    -94126       9889
 520       518      -2981
 264      3219      -2566
 776    -30891     -12326
 136     26164     -32141
 648    -44684      10117
 392      5377     -57586
 904    -11745      11458
  72    -47616      70507
 584    -15640       5889
 328    -44793     -76602
 840    -18119       6702
 200      8992     -15201
 712     15666     -12887
 456    -36204     -19419
 968     38762     -10885
  40     22486       -366
 552     66674     -10732
 296    -11507      -7709
 808     20875       9323
 168     15079       9122
 680    -95287      33280
 424     16073      -2002
 936      3935      31428
 104    125896       3785
 616     -6226      14169
 360     15355      -5546
 872      6459      -4920
 232     -6148     -11821
 744      1242      -6735
 488    -53100     -79553
1000    -16494       9557
  24    -26864     105578
 536     -9994     -11130
 280    -15501        223
 792      8571        493
 152     -2337      13005
 664     15517        737
 408    -37600     -13514
 920    -45824     -46888
  88     15547       3965
 600       141     -34299
 344      -492      47256
 856     25100      44534
 216     26854      48565
 728       352       3535
 472    -12936       1115
 984   -103174     -47159
  56     45960     -11991
 568    -43010     -16281
 312     19340       6943
 824      2362      12373
 184     40631       5590
 696     19377     -20092
 440     30799      46884
 952     22069      17446
 120    101699      68053
 632       -83      -7871
 376      6772     -40162
 888     37392     -26704
 248      9855       2942
 760     -7141      -3696
 504     20252      -1015
1016    -12210     -13011
   4    -72221     117368
 516    -17555      -7150
 260      7357      -6182
 772      4659     -72224
 132   -107982     -29064
 644     41954      34942
 388    -70677     -72197
 900    -33271     -23389
  68     60933     -19152
 580     44409     -16676
 324     13031      24800
 836    -12105      22532
 196     11356     -13566
 708     29758      -4292
 452      5140     -51536
 964     90446      60186
  36    120383       3773
 548    -14947     -53171
 292      3220      15078
 804      3212       4332
 164     23670     -23929
 676    -65676      41333
 420       136      -8923
 932    103474       4467
 100     57806     -20859
 612     -2548     -10479
 356     -3503      -9112
 868    -15519       5262
 228    -10381       9758
 740     -2165     -14558
 484    -16843      -8408
 996     27489      14156
  20    -37658     -87897
 532      3292       2621
 276     -3040       2813
 788     -3982       2295
 148     10918       3835
 660     36732      14069
 404    -33036     -42437
 916     65486     -44155
  84      3577      -7848
 596     10517     -54566
 340     38582      65901
 852      4116       2541
 212      4844     -22073
 724     -3908      -5393
 468      8650     -18649
 980     25438      88031
  52    -28712     -18081
 564     -1994     -17055
 308     22748      13729
 820      3726     -32165
 180      7223      25708
 692    -69505      33576
 436     15555      12312
 948      7207     -16368
 116   -126124     104435
 628       722        589
 372     40918       5055
 884     -2944      43441
 244    -28524      -5902
 756     11606        582
 500     -1363       5227
1012     61141      35173
  12     73629     -36143
 524     -8387      -7189
 268      1740       9942
 780      -906      34830
 140    -41824       2983
 652      -798      39765
 396    -77944     -13759
 908      -422       2723
  76    -22508       8753
 588      4440     -14427
 332    -29672      15983
 844     32684     -10833
 204     27713     -30067
 716     -2253      23483
 460     47875     -33733
 972     -2455      -1783
  44    -30352     -23374
 556    -48776      50018
 300      4134       4364
 812    -25478      19772
 172     -3882      26144
 684    -11624        -82
 428     -5028     -11828
 940     17270     -29662
 108    -98466     109982
 620     26564      14630
 364      -499      18335
 876    -14299      -7947
 236    -11380       7042
 748      1996      -1346
 492    -31512      17838
1004      5492     -15838
  28      3610       3734
 540      7884      24842
 284     -9323     -11731
 796      2433      13591
 156     -7825       2000
 668     -8847      28894
 412     14149      11222
 924     -1649      20136
  92     -5166      22539
 604     31704      -8735
 348    -46846      29785
 860     -8536      45927
 220    -25182      -5749
 732      1522      -2865
 476    -78566     -15891
 988     15102     -93283
  60      7887     -46697
 572    -66789      54973
 316     21060      -8074
 828     10714      15426
 188    -23125      -4393
 700     32843     -14819
 444    -56122     -14386
 956    -62188     -28374
 124     79893     -89292
 636    -18171     -11718
 380     52566      62031
 892     18204      72523
 252     12887      -2338
 764    -37779      34332
 508     15425      26062
1020     77063     -28776
   2    -36398      72608
 514     31008      35976
 258     -1525       2993
 770     14639      37027
 130     20574     -71075
 642    -11266      18893
 386     58406     -67971
 898     27986     -40979
  66    -14770     -57993
 578     44704     110391
 322     50511     -38998
 834     -1073      19660
 194     20189      19552
 706    -59211      44594
 450    105210      12627
 962    -21176      14599
  34      1744       6042
 546    -45962      11392
 290      7724      17906
 802     -4798      -3240
 162     -3745      12176
 674        -1     -80946
 418      6968       5897
 930    -44698      26101
  98      2712     -67634
 610    -19980      22342
 354     12990      -4488
 866     11882     -45000
 226      -216      -2808
 738      7602      -4672
 482     38577       5017
 994     -2671      44955
  18     84126      11876
 530     -5592      13730
 274      1626      -1316
 786     -6504     -23362
 146      7912      15497
 658     25826      54533
 402    -16929     -38958
 914     76543     -14408
  82    -18275       9305
 594     32297       -329
 338    -29766     -27010
 850     -1556      -6866
 210     -8437     -24104
 722      5457      -4488
 466     15534     -17457
 978     26250      55181
  50     -1391     -19772
 562     33559     -22824
 306     -5742      14167
 818     23050      -4511
 178       163     -15956
 690     27105       -616
 434    -15368      -7703
 946    -31304      92295
 114    124865      85928
 626    -23415      17832
 370      -943      21846
 882    -36871     -19354
 242    -24185      13114
 754       101       -720
 498    -31981      38304
1010    -66763      49442
  10     90656       7927
 522     10492       9981
 266    -12857       5444
 778    -31431      85156
 138     18081     -55432
 650    -42361       4004
 394     30288     -33991
 906     -9956       4031
  74     78443      71158
 586     43907      44484
 330   -121296       2117
 842      -586      41981
 202      9575       2141
 714     -1317     -18829
 458    -28384      23450
 970     -8374      -7094
  42     -1320     -83289
 554    -33172     -39157
 298     -3206       3963
 810      9954     -11085
 170     -7504      11504
 682     22594      38224
 426     -6205      -4649
 938      2147      10769
 106    -36147      43999
 618     17991       2945
 362    -18979       4295
 874      -185       5953
 234    -15365     -26926
 746     -7731        758
 490   -102198      -2137
1002    -16530      40865
  26     -1452     -16912
 538     13572       -984
 282      8984      -8510
 794     -7960       3926
 154     19397       -752
 666    -21109     -64164
 410    -17470      56471
 922   -115490     115917
  90     -2512     -37600
 602     -2880      18668
 346    -22016     -27992
 858     11508      -8176
 218      9947     -34463
 730      1933       9065
 474      5252     -58368
 986     42760      16130
  58     25714      24787
 570    -76678       9685
 314       203     -11136
 826    -27063      19396
 186     -2308     -33999
 698     73870      24857
 442    -32063     -61790
 954     -2435      -3640
 122     72768       -339
 634     -8984        621
 378    -25458     -12469
 890     -6478     -27281
 250     -1637      -3615
 762     -2279      -9445
 506     -4357     -37609
1018   -118687     -20535
   6    -82145      64330
 518     20057       6282
 262     -1020       1099
 774     -6372       2133
 134     32111       7567
 646    -10293     -22165
 390     25793     -36429
 902     -8627     -14249
  70     50914    -100752
 582      2222        -82
 326     60177      -7329
 838     -2361      36879
 198      5411       4999
 710     -2999     -38793
 454    -39438      25498
 966     77642      -6876
  38      -530     -92186
 550    -31668       3660
 294     10412      -3578
 806     11866      -5452
 166      -804     -13127
 678      6332     -20173
 422     -4103      20764
 934    -16369     -34460
 102     12485      60571
 614    -44363     -15943
 358      5422      25112
 870     39808      18776
 230     -5668       7045
 742     -7344       3997
 486     20490      16931
 998       530       8607
  22     78948      -8605
 534     -8996     -21117
 278     -2162     -11477
 790      6106      14891
 150      3635     -13001
 662    -20875      -4393
 406    -10162     -12320
 918     66578     -15842
  86     -4619        565
 598     -4239     -21279
 342      6333       2693
 854    -14115      11553
 214    -34072       1006
 726      3508       4880
 470    -10467     -47745
 982     73015     -31377
  54     12917      21766
 566     15571       1216
 310      6755      -5884
 822     -7299      19686
 182     41518      39604
 694     71972      48156
 438    -32169      53197
 950    -79249      39491
 118     84816      20899
 630     -2328      -5319
 374      8383     -44886
 886     54745     -22798
 246    -40167      21651
 758     14775     -21811
 502    -46195     -15173
1014    -86157     -17299
  14    -50609     108269
 526     -7395      11171
 270     -1447      -3053
 782     -9941      54225
 142      7177      14330
 654     56109      -3276
 398    -23480      92013
 910    -33542     -62231
  78     17261      -1664
 590     -9971      77798
 334     -3304     -20657
 846     -9126       7531
 206    -21918     -30421
 718     10404      -1055
 462    -19510     -30359
 974       844     -27693
  46    -27814      -3318
 558    -29578      16598
 302      3236       1322
 814     -5840       6174
 174      4066     -10079
 686      1440     -14407
 430     15259      -5988
 942    -31937      -6686
 110    -40591     118976
 622     24997       6374
 366     12350      23421
 878    -36804      -1431
 238     39221      13677
 750      -879        643
 494     16924      18800
1006    -57602     -14956
  30    -24028     -22663
 542     37042      31231
 286     -1384       3073
 798      6366       6939
 158      -368       6711
 670     60208     -21545
 414     -7788      16365
 926   -100000     -26063
  94     29123     -10810
 606     -9649         20
 350     18746     -10287
 862     59264      -8999
 222     -9705     -33642
 734     -3479       1420
 478     -2099       -456
 990     45447      -7822
  62    124884      -6412
 574     13926      11630
 318    -19960     -35870
 830     14278     -40932
 190     22108     -29036
 702     41158      12158
 446     15336     -30844
 958    -69170    -109014
 126    127017     -75678
 638    -21155      20922
 382     35571     -23750
 894     37703      -8574
 254     -3337      -1002
 766     33831     -12876
 510    -42040     -36901
1022    100026     -68813
   1    130344     -42007
 513      3000      18511
 257      1491       1298
 769     19901       9254
 129     30210      24656
 641    -11470      -4668
 385     66280      26094
 897     47684       7654
  65    -46443      11946
 577    -48937     103342
 321     53170     -25703
 833    -37466        411
 193    -42313      -1365
 705     31285      21597
 449    -68267     -44363
 961      5963      21007
  33    -11091      32256
 545     63989       6576
 289      2741       1594
 801     12981      10162
 161     25041      -7980
 673    -17293     -36634
 417      4277       3190
 929     43835      70908
  97     52590     -33446
 609     -1964     -21354
 353     -4745      11097
 865     24871     -11537
 225    -13241     -10280
 737      3927      -2604
 481     18179      -6484
 993     24799       9272
  17     31048      99203
 529      -970      -5279
 273     -4572      -4367
 785      9694       8119
 145      -124      22509
 657     60870      31495
 401    -29928     -14755
 913     -3842     -33093
  81     28738      -7494
 593     53074     -48198
 337    -10370     102088
 849     15598      -7904
 209      4718     -10255
 721       326      -4543
 465     19958     -20589
 977    -36602       8583
  49     12933       9742
 561     14725     -21692
 305     -8314       3511
 817      1176     -12529
 177     24249      27421
 689     12841      44213
 433    -30289      12617
 945   -109841      26973
 113    -64862     108264
 625     29520     -15272
 369     29553     -27493
 881     20889      50233
 241    -19184     -40782
 753      -356       9368
 497    -33821     -11917
1009    -45635       -673
   9    -29336      19457
 521     13168      10113
 265     -5762       9747
 777    -19750      63099
 137     17503       1307
 649     -2477     -22263
 393    -39910      12282
 905     -2300      -8614
  73    -12971    -121810
 585    -54065      43330
 329     71484     -54237
 841      5996      42985
 201      3722      -8364
 713    -21420      17574
 457      6616      -1940
 969     -5314     -60330
  41     47676     -48313
 553    -67796      10187
 297     -1876       6959
 809    -33332       6275
 169      7254      -9610
 681    -13050      71924
 425     13799      -7749
 937     11237      -2121
 105    -22895      40270
 617      2041        614
 361       157      -8552
 873     13801      26456
 233    -12665       5332
 745     -3933      -2326
 489    -41330      -2803
1001     24496     -25295
  25     52584      28269
 537     -9128       5301
 281      7176        285
 793     -2544      -4595
 153      3265      -8189
 665     47127      70971
 409    -71218      -4276
 921     35170      59554
  89     19000     -19195
 601    -24322     -22621
 345     -5726      10733
 857     38488      10847
 217     20016     -18707
 729     -3940      -4347
 473     15800     -20209
 985     97132      -6189
  57     -6315     -37139
 569    -25255     -21657
 313     21852      -8294
 825     12426       2458
 185     13094       5419
 697     53192     -13247
 441    -20190      21947
 953    -13972     -24983
 121    -49926     -89062
 633     -8342      -3338
 377      9492      32726
 889    -20740      31202
 249     -2250      31375
 761    -23564     -34419
 505    -47112      21335
1017    -37926     112045
   5     29146    -110847
 517      1442      29383
 261     -4885      -1110
 773    -48747     -10874
 133     10817      -7769
 645    -16871         27
 389     21687     -63923
 901     -6925     -20647
  69   -101368      61289
 581     12810       1151
 325     11104     -85121
 837    -24442     -21155
 197     13544     -10453
 709    -14816      29797
 453     47139     -48140
 965     62829     -28824
  37     83045     -75436
 549    -19107        100
 293     10325      13132
 805      7697      12984
 165     -9240      30181
 677    -11242     -35741
 421    -13470      -6957
 933    -59144     -10039
 101     40254     113232
 613    -22068      22540
 357     -5069     -18363
 869     25679      -6377
 229    -23046         11
 741    -11186      -6467
 485    -29443      11314
 997    -14241       4094
  21      9844     -23860
 533     -2044      16918
 277      4625        315
 789    -16961      -2213
 149     11157      -3886
 661     56661     -34118
 405    -30709      17202
 917    -63029     -38654
  85       755      11913
 597      9633       3645
 341    -55272     -32548
 853    -15092       4166
 213     -5915        843
 725      2769      -2109
 469     12543     -46357
 981     18699       -825
  53      5115       8387
 565     19053      37337
 309     22723      -5851
 821     11349      19219
 181     12207      13095
 693    -23349      98967
 437     10279     -31485
 949    -51361      11435
 117    -39561     -67362
 629      -331       6016
 373     58081     -16306
 885     23991      46260
 245     35684     -11316
 757    -10784      12612
 501     75274       4098
1013     87406     -83890
  13     57659      59857
 525    -15025       2881
 269     -8277       2763
 781    -36525      34083
 141    -11024       6525
 653      4390       2777
 397    -16247      36728
 909     -6967      21986
  77     38854     -12940
 589    -44984      14000
 333     37521      46405
 845      3177     -13721
 205     11704     -55278
 717    -21692     -20354
 461    -26780       9990
 973     35592      27498
  45    -41099     -17139
 557     -8713     -20011
 301     -5564       3560
 813     12512     -22866
 173     -3144     -14531
 685     15826       3991
 429     19228     -18689
 941     -4758      -1467
 109     25231     -22366
 621    -19399      -9838
 365     -1750      17079
 877      3950     -22243
 237    -13166     -29439
 749      -254        593
 493    -59102       8871
1005       202      20847
  29     75773      14792
 541    -37731     -48576
 285    -23205      18692
 797      4879       8488
 157     13199      -1955
 669    -11651      38565
 413      3342       4394
 925     37874      50240
  93     34996      18758
 605     -1548      -5828
 349       323     -26423
 861     40953       6049
 221     -3880      12070
 733      6594       2504
 477    -46164      34808
 989    -42762       -354
  61     20848      38257
 573    -40062     101975
 317    -20888     -23139
 829    -15482      34671
 189     18938        -74
 701     16480     -12098
 445     18289      27693
 957   -119411      47027
 125    113687    -126622
 637    -14277      24396
 381     -1658     -29091
 893      3764     -35683
 253      -241       2425
 765    -12831       -343
 509    -36674      -3980
1021    -37314     111434
   3   -109276     -44070
 515      3658      26542
 259     -1739      -1975
 771     -3843      -7637
 131     55202     -15468
 643    -17912      -4980
 387     96385     -37149
 899     29597     -37031
  67    -10836      53593
 579     82104      37663
 323    -16395     -24940
 835     -2725       4708
 195      7611      15632
 707     33877     -37546
 451    -32441      23524
 963     61261     113838
  35     38955      62660
 547     33893     -23976
 291     -6314      -7647
 803      7290       2867
 163    -20162       1956
 675    -27230     -39880
 419     11948      -2522
 931     -6404       3814
  99     17146      -3823
 611     -1814     -15021
 355        43      21366
 867    -34591        -66
 227    -21745     -17928
 739      4967      -8972
 483    -49419     -69272
 995    -24739     -51812
  19    122834     110103
 531     -4064      -3889
 275      2451         -6
 787     17651       6268
 147      9888       5190
 659     18852     -40006
 403      5510       8152
 915    -54210      34788
  83    -22077      -8169
 595     20865       -721
 339     14444     -54540
 851     -5856       2306
 211    -29762      -2347
 723      -466       9689
 467     19724     -22313
 979     11480      -8441
  51     12410      -5874
 563    -80638      21548
 307     12475      28183
 819    -40931      29707
 179    -17145       3105
 691    -18701     -16541
 435    -19232        588
 947     53146      26260
 115    -76928     -67502
 627      3014     -10486
 371      8333      13109
 883      6037      10735
 243    -15264      19989
 755      5174     -11165
 499     -5334      42873
1011      5008      98703
  11    -17651     128033
 523      2441     -18317
 267      8622      -9632
 779     22392     -40660
 139    -42497     -30464
 651    -10061      64848
 395    -65189     -59630
 907      9015      -9674
  75    -37032     -27573
 587     31018      13029
 331    -51546     -13021
 843     43644      28789
 203     29340      -3725
 715     15136     -14121
 459       446       1797
 971     -7806      30081
  43    -47431     -63228
 555      -745       2538
 299      4309        844
 811     20123       4926
 171     13052     -29728
 683     23686      19396
 427     24391       7717
 939     -9369      -3209
 107    -98714     -59012
 619    -20118      10506
 363    -10249      15271
 875     21165     -44737
 235     13878      29928
 747      -240       4010
 491     -2010      14456
1003    -20144     -36222
  27    -19858      24841
 539     -6420     -10639
 283    -17561      -9296
 795     -5121      11510
 155    -11157      -2699
 667     22575     -29511
 411     -5081      40441
 923   -117753     -35751
  91    -35546      10932
 603    -23166      12554
 347     60873       9875
 859     19099      -1797
 219     -5777     -32937
 731      3423       3443
 475    -42019     -59699
 987     15665     -19363
  59    -36275     -67744
 571    -63445     -23934
 315     23443      -7954
 827      8913     -22808
 187     42732     -14362
 699    -23712     -43244
 443     71195      46823
 955    -17411         79
 123    123495       9678
 635    -11889       1530
 379      -935     -17658
 891      8853     -11446
 251       332       9578
 763    -13672     -21710
 507    -44976      -3020
1019    -69384     -74736
   7      6805     -53117
 519     -6765      20775
 263    -11886      -8156
 775    -90942       3594
 135    -29164      18178
 647     35376       9164
 391    -82205     -30891
 903    -15035      -8523
  71     34172      43831
 583      9970     -15643
 327    -36174     -18381
 839    -15060      24969
 199     15869      -9607
 711      7127       4965
 455      9750     -50856
 967     32050     -26542
  39    -25207     -35544
 551    -48747      -5904
 295     12665      -9910
 807     -6947     -18450
 167     -3500       4795
 679    -66998     -25431
 423     11708      14929
 935    -29838      33411
 103     15501     -50780
 615     22713      50074
 359    -12156       7675
 871    -46790     -46745
 231     13687       5907
 743      1605       3143
 487     23028     -60454
 999     -2436     -10188
  23    -60009       7743
 535     14961      21011
 279      5480       1238
 791      5392      11076
 151     -4933      -1394
 663    -28283     -29648
 407     -6713     -14866
 919      2673       7992
  87      6151       4964
 599     15941       2404
 343     -7598     -22765
 855    -11246      38473
 215    -14072     -11247
 727     -2074      -5333
 471    -32126     -22963
 983     88168      31875
  55     -4650     -11157
 567     -9490     -72339
 311      8315       5278
 823    -10619     -23782
 183      8881     -41214
 695     64193      65484
 439     -2498     -73759
 951     68316      75401
 119    -80149      25782
 631     -3053       2694
 375    -20611     -10628
 887     -9407     -10840
 247    -22958        872
 759     21360     -18988
 503    -17539     -36313
1015   -106059       2261
  15   -111691      50539
 527      -755       8463
 271      8899       -515
 783     56823      35461
 143    -24905      -9104
 655    -64937      59926
 399     61654     -62949
 911     60872      61243
  79     26867        871
 591     82289      49877
 335    -78405       6745
 847      2997      21103
 207    -25301      -9676
 719      3863       6666
 463      3574      14539
 975       -68     -10133
  47    -39274        780
 559     17042      36646
 303      3693       2841
 815     16171       7989
 175     -3981      34328
 687    -39037      -8416
 431    -22921      -3474
 943    -30357     -73246
 111    -80335      44686
 623     -1537      10180
 367     23613      29150
 879    -32981      -7320
 239    -22609      -4769
 751     -3151      -3873
 495    -35742      23268
1007     11390      11278
  31    -16208     -18201
 543    -19520      14815
 287     -6594      10603
 799      1954       4379
 159     13459        987
 671     19697     -23493
 415      9526      12952
 927      5486      75862
  95     19476      -4429
 607       930     -17761
 351     -7633      34134
 863     23139       5620
 223      5992       1645
 735      9666       1429
 479     -1307      30754
 991    -61055      34176
  63    105941     -55030
 575     -3793      13248
 319     -5001      75658
 831     16453      11412
 191      8098     -29271
 703     -4068     -56489
 447     20908      13951
 959     64774    -121591
 127    -19736    -128357
 639      9792      24763
 383    -10668     -24253
 895    -11212     -14129
 255       -37      -1789
 767     22973      12885
 511    -17595      -3607
1023    -37293    -129865
   0     81920      82408
 512    -91738      91746
 256         8          8
 768    -88742     -43274
 128    -82384       8805
 640     23018      -1595
 384     -3867      55586
 896     -3663      34140
  64    -34057      29866
 576    -74109      25094
 320     31007      30944
 832    -22549     -20028
 192    -20974     -22831
 704    -38440     -49011
 448     21855       9224
 960    103899      31814
  32     27591       1132
 544    -26909     -30308
 288     -5443      15824
 800      4009       4140
 160    -20619      -7059
 672     46181     -16713
 416      7362       5248
 928    -31764     -36568
  96     31225      -6646
 608     -8073       8570
 352    -12078     -19929
 864     14862     -45495
 224    -21899      -9378
 736      4725      -1894
 480    -23613      -9298
 992     16395     -45242
  16     10123       1532
 528       451       4822
 272     -2000       4729
 784     36710      -7935
 144    -15305      12442
 656     10667       5660
 400     12796     -10133
 912    -37762       8299
  80    -46964     -56232
 592     38488      30906
 336     49703     -47419
 848     24085      10561
 208     -3956     -12138
 720     -9368       1890
 464     16838      23094
 976    -15258      24818
  48      1523      22868
 560    -18495      21526
 304     -1273       4570
 816    -23127       -868
 176     -3582     -23504
 688    -42030      42622
 432     25309     -57769
 944    -40405      11819
 112     42234       8294
 624    -11918      -4914
 368     23722       5338
 880    -13814      11022
 240      8698     -21488
 752      2166      -1494
 496      3767      -6503
1008    -19143     -15215
   8    -94126       9889
 520       518      -2981
 264      3219      -2566
 776    -30891     -12326
 136     26164     -32141
 648    -44684      10117
 392      5377     -57586
 904    -11745      11458
  72    -47616      70507
 584    -15640       5889
 328    -44793     -76602
 840    -18119       6702
 200      8992     -15201
 712     15666     -12887
 456    -36204     -19419
 968     38762     -10885
  40     22486       -366
 552     66674     -10732
 296    -11507      -7709
 808     20875       9323
 168     15079       9122
 680    -95287      33280
 424     16073      -2002
 936      3935      31428
 104    125896       3785
 616     -6226      14169
 360     15355      -5546
 872      6459      -4920
 232     -6148     -11821
 744      1242      -6735
 488    -53100     -79553
1000    -16494       9557
  24    -26864     105578
 536     -9994     -11130
 280    -15501        223
 792      8571        493
 152     -2337      13005
 664     15517        737
 408    -37600     -13514
 920    -45824     -46888
  88     15547       3965
 600       141     -34299
 344      -492      47256
 856     25100      44534
 216     26854      48565
 728       352       3535
 472    -12936       1115
 984   -103174     -47159
  56     45960     -11991
 568    -43010     -16281
 312     19340       6943
 824      2362      12373
 184     40631       5590
 696     19377     -20092
 440     30799      46884
 952     22069      17446
 120    101699      68053
 632       -83      -7871
 376      6772     -40162
 888     37392     -26704
 248      9855       2942
 760     -7141      -3696
 504     20252      -1015
1016    -12210     -13011
   4    -72221     117368
 516    -17555      -7150
 260      7357      -6182
 772      4659     -72224
 132   -107982     -29064
 644     41954      34942
 388    -70677     -72197
 900    -33271     -23389
  68     60933     -19152
 580     44409     -16676
 324     13031      24800
 836    -12105      22532
 196     11356     -13566
 708     29758      -4292
 452      5140     -51536
 964     90446      60186
  36    120383       3773
 548    -14947     -53171
 292      3220      15078
 804      3212       4332
 164     23670     -23929
 676    -65676      41333
 420       136      -8923
 932    103474       4467
 100     57806     -20859
 612     -2548     -10479
 356     -3503      -9112
 868    -15519       5262
 228    -10381       9758
 740     -2165     -14558
 484    -16843      -8408
 996     27489      14156
  20    -37658     -87897
 532      3292       2621
 276     -3040       2813
 788     -3982       2295
 148     10918       3835
 660     36732      14069
 404    -33036     -42437
 916     65486     -44155
  84      3577      -7848
 596     10517     -54566
 340     38582      65901
 852      4116       2541
 212      4844     -22073
 724     -3908      -5393
 468      8650     -18649
 980     25438      88031
  52    -28712     -18081
 564     -1994     -17055
 308     22748      13729
 820      3726     -32165
 180      7223      25708
 692    -69505      33576
 436     15555      12312
 948      7207     -16368
 116   -126124     104435
 628       722        589
 372     40918       5055
 884     -2944      43441
 244    -28524      -5902
 756     11606        582
 500     -1363       5227
1012     61141      35173
  12     73629     -36143
 524     -8387      -7189
 268      1740       9942
 780      -906      34830
 140    -41824       2983
 652      -798      39765
 396    -77944     -13759
 908      -422       2723
  76    -22508       8753
 588      4440     -14427
 332    -29672      15983
 844     32684     -10833
 204     27713     -30067
 716     -2253      23483
 460     47875     -33733
 972     -2455      -1783
  44    -30352     -23374
 556    -48776      50018
 300      4134       4364
 812    -25478      19772
 172     -3882      26144
 684    -11624        -82
 428     -5028     -11828
 940     17270     -29662
 108    -98466     109982
 620     26564      14630
 364      -499      18335
 876    -14299      -7947
 236    -11380       7042
 748      1996      -1346
 492    -31512      17838
1004      5492     -15838
  28      3610       3734
 540      7884      24842
 284     -9323     -11731
 796      2433      13591
 156     -7825       2000
 668     -8847      28894
 412     14149      11222
 924     -1649      20136
  92     -5166      22539
 604     31704      -8735
 348    -46846      29785
 860     -8536      45927
 220    -25182      -5749
 732      1522      -2865
 476    -78566     -15891
 988     15102     -93283
  60      7887     -46697
 572    -66789      54973
 316     21060      -8074
 828     10714      15426
 188    -23125      -4393
 700     32843     -14819
 444    -56122     -14386
 956    -62188     -28374
 124     79893     -89292
 636    -18171     -11718
 380     52566      62031
 892     18204      72523
 252     12887      -2338
 764    -37779      34332
 508     15425      26062
1020     77063     -28776
   2    -36398      72608
 514     31008      35976
 258     -1525       2993
 770     14639      37027
 130     20574     -71075
 642    -11266      18893
 386     58406     -67971
 898     27986     -40979
  66    -14770     -57993
 578     44704     110391
 322     50511     -38998
 834     -1073      19660
 194     20189      19552
 706    -59211      44594
 450    105210      12627
 962    -21176      14599
  34      1744       6042
 546    -45962      11392
 290      7724      17906
 802     -4798      -3240
 162     -3745      12176
 674        -1     -80946
 418      6968       5897
 930    -44698      26101
  98      2712     -67634
 610    -19980      22342
 354     12990      -4488
 866     11882     -45000
 226      -216      -2808
 738      7602      -4672
 482     38577       5017
 994     -2671      44955
  18     84126      11876
 530     -5592      13730
 274      1626      -1316
 786     -6504     -23362
 146      7912      15497
 658     25826      54533
 402    -16929     -38958
 914     76543     -14408
  82    -18275       9305
 594     32297       -329
 338    -29766     -27010
 850     -1556      -6866
 210     -8437     -24104
 722      5457      -4488
 466     15534     -17457
 978     26250      55181
  50     -1391     -19772
 562     33559     -22824
 306     -5742      14167
 818     23050      -4511
 178       163     -15956
 690     27105       -616
 434    -15368      -7703
 946    -31304      92295
 114    124865      85928
 626    -23415      17832
 370      -943      21846
 882    -36871     -19354
 242    -24185      13114
 754       101       -720
 498    -31981      38304
1010    -66763      49442
  10     90656       7927
 522     10492       9981
 266    -12857       5444
 778    -31431      85156
 138     18081     -55432
 650    -42361       4004
 394     30288     -33991
 906     -9956       4031
  74     78443      71158
 586     43907      44484
 330   -121296       2117
 842      -586      41981
 202      9575       2141
 714     -1317     -18829
 458    -28384      23450
 970     -8374      -7094
  42     -1320     -83289
 554    -33172     -39157
 298     -3206       3963
 810      9954     -11085
 170     -7504      11504
 682     22594      38224
 426     -6205      -4649
 938      2147      10769
 106    -36147      43999
 618     17991       2945
 362    -18979       4295
 874      -185       5953
 234    -15365     -26926
 746     -7731        758
 490   -102198      -2137
1002    -16530      40865
  26     -1452     -16912
 538     13572       -984
 282      8984      -8510
 794     -7960       3926
 154     19397       -752
 666    -21109     -64164
 410    -17470      56471
 922   -115490     115917
  90     -2512     -37600
 602     -2880      18668
 346    -22016     -27992
 858     11508      -8176
 218      9947     -34463
 730      1933       9065
 474      5252     -58368
 986     42760      16130
  58     25714      24787
 570    -76678       9685
 314       203     -11136
 826    -27063      19396
 186     -2308     -33999
 698     73870      24857
 442    -32063     -61790
 954     -2435      -3640
 122     72768       -339
 634     -8984        621
 378    -25458     -12469
 890     -6478     -27281
 250     -1637      -3615
 762     -2279      -9445
 506     -4357     -37609
1018   -118687     -20535
   6    -82145      64330
 518     20057       6282
 262     -1020       1099
 774     -6372       2133
 134     32111       7567
 646    -10293     -22165
 390     25793     -36429
 902     -8627     -14249
  70     50914    -100752
 582      2222        -82
 326     60177      -7329
 838     -2361      36879
 198      5411       4999
 710     -2999     -38793
 454    -39438      25498
 966     77642      -6876
  38      -530     -92186
 550    -31668       3660
 294     10412      -3578
 806     11866      -5452
 166      -804     -13127
 678      6332     -20173
 422     -4103      20764
 934    -16369     -34460
 102     12485      60571
 614    -44363     -15943
 358      5422      25112
 870     39808      18776
 230     -5668       7045
 742     -7344       3997
 486     20490      16931
 998       530       8607
  22     78948      -8605
 534     -8996     -21117
 278     -2162     -11477
 790      6106      14891
 150      3635     -13001
 662    -20875      -4393
 406    -10162     -12320
 918     66578     -15842
  86     -4619        565
 598     -4239     -21279
 342      6333       2693
 854    -14115      11553
 214    -34072       1006
 726      3508       4880
 470    -10467     -47745
 982     73015     -31377
  54     12917      21766
 566     15571       1216
 310      6755      -5884
 822     -7299      19686
 182     41518      39604
 694     71972      48156
 438    -32169      53197
 950    -79249      39491
 118     84816      20899
 630     -2328      -5319
 374      8383     -44886
 886     54745     -22798
 246    -40167      21651
 758     14775     -21811
 502    -46195     -15173
1014    -86157     -17299
  14    -50609     108269
 526     -7395      11171
 270     -1447      -3053
 782     -9941      54225
 142      7177      14330
 654     56109      -3276
 398    -23480      92013
 910    -33542     -62231
  78     17261      -1664
 590     -9971      77798
 334     -3304     -20657
 846     -9126       7531
 206    -21918     -30421
 718     10404      -1055
 462    -19510     -30359
 974       844     -27693
  46    -27814      -3318
 558    -29578      16598
 302      3236       1322
 814     -5840       6174
 174      4066     -10079
 686      1440     -14407
 430     15259      -5988
 942    -31937      -6686
 110    -40591     118976
 622     24997       6374
 366     12350      23421
 878    -36804      -1431
 238     39221      13677
 750      -879        643
 494     16924      18800
1006    -57602     -14956
  30    -24028     -22663
 542     37042      31231
 286     -1384       3073
 798      6366       6939
 158      -368       6711
 670     60208     -21545
 414     -7788      16365
 926   -100000     -26063
  94     29123     -10810
 606     -9649         20
 350     18746     -10287
 862     59264      -8999
 222     -9705     -33642
 734     -3479       1420
 478     -2099       -456
 990     45447      -7822
  62    124884      -6412
 574     13926      11630
 318    -19960     -35870
 830     14278     -40932
 190     22108     -29036
 702     41158      12158
 446     15336     -30844
 958    -69170    -109014
 126    127017     -75678
 638    -21155      20922
 382     35571     -23750
 894     37703      -8574
 254     -3337      -1002
 766     33831     -12876
 510    -42040     -36901
1022    100026     -68813
   1    130344     -42007
 513      3000      18511
 257      1491       1298
 769     19901       9254
 129     30210      24656
 641    -11470      -4668
 385     66280      26094
 897     47684       7654
  65    -46443      11946
 577    -48937     103342
 321     53170     -25703
 833    -37466        411
 193    -42313      -1365
 705     31285      21597
 449    -68267     -44363
 961      5963      21007
  33    -11091      32256
 545     63989       6576
 289      2741       1594
 801     12981      10162
 161     25041      -7980
 673    -17293     -36634
 417      4277       3190
 929     43835      70908
  97     52590     -33446
 609     -1964     -21354
 353     -4745      11097
 865     24871     -11537
 225    -13241     -10280
 737      3927      -2604
 481     18179      -6484
 993     24799       9272
  17     31048      99203
 529      -970      -5279
 273     -4572      -4367
 785      9694       8119
 145      -124      22509
 657     60870      31495
 401    -29928     -14755
 913     -3842     -33093
  81     28738      -7494
 593     53074     -48198
 337    -10370     102088
 849     15598      -7904
 209      4718     -10255
 721       326      -4543
 465     19958     -20589
 977    -36602       8583
  49     12933       9742
 561     14725     -21692
 305     -8314       3511
 817      1176     -12529
 177     24249      27421
 689     12841      44213
 433    -30289      12617
 945   -109841      26973
 113    -64862     108264
 625     29520     -15272
 369     29553     -27493
 881     20889      50233
 241    -19184     -40782
 753      -356       9368
 497    -33821     -11917
1009    -45635       -673
   9    -29336      19457
 521     13168      10113
 265     -5762       9747
 777    -19750      63099
 137     17503       1307
 649     -2477     -22263
 393    -39910      12282
 905     -2300      -8614
  73    -12971    -121810
 585    -54065      43330
 329     71484     -54237
 841      5996      42985
 201      3722      -8364
 713    -21420      17574
 457      6616      -1940
 969     -5314     -60330
  41     47676     -48313
 553    -67796      10187
 297     -1876       6959
 809    -33332       6275
 169      7254      -9610
 681    -13050      71924
 425     13799      -7749
 937     11237      -2121
 105    -22895      40270
 617      2041        614
 361       157      -8552
 873     13801      26456
 233    -12665       5332
 745     -3933      -2326
 489    -41330      -2803
1001     24496     -25295
  25     52584      28269
 537     -9128       5301
 281      7176        285
 793     -2544      -4595
 153      3265      -8189
 665     47127      70971
 409    -71218      -4276
 921     35170      59554
  89     19000     -19195
 601    -24322     -22621
 345     -5726      10733
 857     38488      10847
 217     20016     -18707
 729     -3940      -4347
 473     15800     -20209
 985     97132      -6189
  57     -6315     -37139
 569    -25255     -21657
 313     21852      -8294
 825     12426       2458
 185     13094       5419
 697     53192     -13247
 441    -20190      21947
 953    -13972     -24983
 121    -49926     -89062
 633     -8342      -3338
 377      9492      32726
 889    -20740      31202
 249     -2250      31375
 761    -23564     -34419
 505    -47112      21335
1017    -37926     112045
   5     29146    -110847
 517      1442      29383
 261     -4885      -1110
 773    -48747     -10874
 133     10817      -7769
 645    -16871         27
 389     21687     -63923
 901     -6925     -20647
  69   -101368      61289
 581     12810       1151
 325     11104     -85121
 837    -24442     -21155
 197     13544     -10453
 709    -14816      29797
 453     47139     -48140
 965     62829     -28824
  37     83045     -75436
 549    -19107        100
 293     10325      13132
 805      7697      12984
 165     -9240      30181
 677    -11242     -35741
 421    -13470      -6957
 933    -59144     -10039
 101     40254     113232
 613    -22068      22540
 357     -5069     -18363
 869     25679      -6377
 229    -23046         11
 741    -11186      -6467
 485    -29443      11314
 997    -14241       4094
  21      9844     -23860
 533     -2044      16918
 277      4625        315
 789    -16961      -2213
 149     11157      -3886
 661     56661     -34118
 405    -30709      17202
 917    -63029     -38654
  85       755      11913
 597      9633       3645
 341    -55272     -32548
 853    -15092       4166
 213     -5915        843
 725      2769      -2109
 469     12543     -46357
 981     18699       -825
  53      5115       8387
 565     19053      37337
 309     22723      -5851
 821     11349      19219
 181     12207      13095
 693    -23349      98967
 437     10279     -31485
 949    -51361      11435
 117    -39561     -67362
 629      -331       6016
 373     58081     -16306
 885     23991      46260
 245     35684     -11316
 757    -10784      12612
 501     75274       4098
1013     87406     -83890
  13     57659      59857
 525    -15025       2881
 269     -8277       2763
 781    -36525      34083
 141    -11024       6525
 653      4390       2777
 397    -16247      36728
 909     -6967      21986
  77     38854     -12940
 589    -44984      14000
 333     37521      46405
 845      3177     -13721
 205     11704     -55278
 717    -21692     -20354
 461    -26780       9990
 973     35592      27498
  45    -41099     -17139
 557     -8713     -20011
 301     -5564       3560
 813     12512     -22866
 173     -3144     -14531
 685     15826       3991
 429     19228     -18689
 941     -4758      -1467
 109     25231     -22366
 621    -19399      -9838
 365     -1750      17079
 877      3950     -22243
 237    -13166     -29439
 749      -254        593
 493    -59102       8871
1005       202      20847
  29     75773      14792
 541    -37731     -48576
 285    -23205      18692
 797      4879       8488
 157     13199      -1955
 669    -11651      38565
 413      3342       4394
 925     37874      50240
  93     34996      18758
 605     -1548      -5828
 349       323     -26423
 861     40953       6049
 221     -3880      12070
 733      6594       2504
 477    -46164      34808
 989    -42762       -354
  61     20848      38257
 573    -40062     101975
 317    -20888     -23139
 829    -15482      34671
 189     18938        -74
 701     16480     -12098
 445     18289      27693
 957   -119411      47027
 125    113687    -126622
 637    -14277      24396
 381     -1658     -29091
 893      3764     -35683
 253      -241       2425
 765    -12831       -343
 509    -36674      -3980
1021    -37314     111434
   3   -109276     -44070
 515      3658      26542
 259     -1739      -1975
 771     -3843      -7637
 131     55202     -15468
 643    -17912      -4980
 387     96385     -37149
 899     29597     -37031
  67    -10836      53593
 579     82104      37663
 323    -16395     -24940
 835     -2725       4708
 195      7611      15632
 707     33877     -37546
 451    -32441      23524
 963     61261     113838
  35     38955      62660
 547     33893     -23976
 291     -6314      -7647
 803      7290       2867
 163    -20162       1956
 675    -27230     -39880
 419     11948      -2522
 931     -6404       3814
  99     17146      -3823
 611     -1814     -15021
 355        43      21366
 867    -34591        -66
 227    -21745     -17928
 739      4967      -8972
 483    -49419     -69272
 995    -24739     -51812
  19    122834     110103
 531     -4064      -3889
 275      2451         -6
 787     17651       6268
 147      9888       5190
 659     18852     -40006
 403      5510       8152
 915    -54210      34788
  83    -22077      -8169
 595     20865       -721
 339     14444     -54540
 851     -5856       2306
 211    -29762      -2347
 723      -466       9689
 467     19724     -22313
 979     11480      -8441
  51     12410      -5874
 563    -80638      21548
 307     12475      28183
 819    -40931      29707
 179    -17145       3105
 691    -18701     -16541
 435    -19232        588
 947     53146      26260
 115    -76928     -67502
 627      3014     -10486
 371      8333      13109
 883      6037      10735
 243    -15264      19989
 755      5174     -11165
 499     -5334      42873
1011      5008      98703
  11    -17651     128033
 523      2441     -18317
 267      8622      -9632
 779     22392     -40660
 139    -42497     -30464
 651    -10061      64848
 395    -65189     -59630
 907      9015      -9674
  75    -37032     -27573
 587     31018      13029
 331    -51546     -13021
 843     43644      28789
 203     29340      -3725
 715     15136     -14121
 459       446       1797
 971     -7806      30081
  43    -47431     -63228
 555      -745       2538
 299      4309        844
 811     20123       4926
 171     13052     -29728
 683     23686      19396
 427     24391       7717
 939     -9369      -3209
 107    -98714     -59012
 619    -20118      10506
 363    -10249      15271
 875     21165     -44737
 235     13878      29928
 747      -240       4010
 491     -2010      14456
1003    -20144     -36222
  27    -19858      24841
 539     -6420     -10639
 283    -17561      -9296
 795     -5121      11510
 155    -11157      -2699
 667     22575     -29511
 411     -5081      40441
 923   -117753     -35751
  91    -35546      10932
 603    -23166      12554
 347     60873       9875
 859     19099      -1797
 219     -5777     -32937
 731      3423       3443
 475    -42019     -59699
 987     15665     -19363
  59    -36275     -67744
 571    -63445     -23934
 315     23443      -7954
 827      8913     -22808
 187     42732     -14362
 699    -23712     -43244
 443     71195      46823
 955    -17411         79
 123    123495       9678
 635    -11889       1530
 379      -935     -17658
 891      8853     -11446
 251       332       9578
 763    -13672     -21710
 507    -44976      -3020
1019    -69384     -74736
   7      6805     -53117
 519     -6765      20775
 263    -11886      -8156
 775    -90942       3594
 135    -29164      18178
 647     35376       9164
 391    -82205     -30891
 903    -15035      -8523
  71     34172      43831
 583      9970     -15643
 327    -36174     -18381
 839    -15060      24969
 199     15869      -9607
 711      7127       4965
 455      9750     -50856
 967     32050     -26542
  39    -25207     -35544
 551    -48747      -5904
 295     12665      -9910
 807     -6947     -18450
 167     -3500       4795
 679    -66998     -25431
 423     11708      14929
 935    -29838      33411
 103     15501     -50780
 615     22713      50074
 359    -12156       7675
 871    -46790     -46745
 231     13687       5907
 743      1605       3143
 487     23028     -60454
 999     -2436     -10188
  23    -60009       7743
 535     14961      21011
 279      5480       1238
 791      5392      11076
 151     -4933      -1394
 663    -28283     -29648
 407     -6713     -14866
 919      2673       7992
  87      6151       4964
 599     15941       2404
 343     -7598     -22765
 855    -11246      38473
 215    -14072     -11247
 727     -2074      -5333
 471    -32126     -22963
 983     88168      31875
  55     -4650     -11157
 567     -9490     -72339
 311      8315       5278
 823    -10619     -23782
 183      8881     -41214
 695     64193      65484
 439     -2498     -73759
 951     68316      75401
 119    -80149      25782
 631     -3053       2694
 375    -20611     -10628
 887     -9407     -10840
 247    -22958        872
 759     21360     -18988
 503    -17539     -36313
1015   -106059       2261
  15   -111691      50539
 527      -755       8463
 271      8899       -515
 783     56823      35461
 143    -24905      -9104
 655    -64937      59926
 399     61654     -62949
 911     60872      61243
  79     26867        871
 591     82289      49877
 335    -78405       6745
 847      2997      21103
 207    -25301      -9676
 719      3863       6666
 463      3574      14539
 975       -68     -10133
  47    -39274        780
 559     17042      36646
 303      3693       2841
 815     16171       7989
 175     -3981      34328
 687    -39037      -8416
 431    -22921      -3474
 943    -30357     -73246
 111    -80335      44686
 623     -1537      10180
 367     23613      29150
 879    -32981      -7320
 239    -22609      -4769
 751     -3151      -3873
 495    -35742      23268
1007     11390      11278
  31    -16208     -18201
 543    -19520      14815
 287     -6594      10603
 799      1954       4379
 159     13459        987
 671     19697     -23493
 415      9526      12952
 927      5486      75862
  95     19476      -4429
 607       930     -17761
 351     -7633      34134
 863     23139       5620
 223      5992       1645
 735      9666       1429
 479     -1307      30754
 991    -61055      34176
  63    105941     -55030
 575     -3793      13248
 319     -5001      75658
 831     16453      11412
 191      8098     -29271
 703     -4068     -56489
 447     20908      13951
 959     64774    -121591
 127    -19736    -128357
 639      9792      24763
 383    -10668     -24253
 895    -11212     -14129
 255       -37      -1789
 767     22973      12885
 511    -17595      -3607
1023    -37293    -129865
   0     81920      82408
 512    -91738      91746
 256         8          8
 768    -88742     -43274
 128    -82384       8805
 640     23018      -1595
 384     -3867      55586
 896     -3663      34140
  64    -34057      29866
 576    -74109      25094
 320     31007      30944
 832    -22549     -20028
 192    -20974     -22831
 704    -38440     -49011
 448     21855       9224
 960    103899      31814
  32     27591       1132
 544    -26909     -30308
 288     -5443      15824
 800      4009       4140
 160    -20619      -7059
 672     46181     -16713
 416      7362       5248
 928    -31764     -36568
  96     31225      -6646
 608     -8073       8570
 352    -12078     -19929
 864     14862     -45495
 224    -21899      -9378
 736      4725      -1894
 480    -23613      -9298
 992     16395     -45242
  16     10123       1532
 528       451       4822
 272     -2000       4729
 784     36710      -7935
 144    -15305      12442
 656     10667       5660
 400     12796     -10133
 912    -37762       8299
  80    -46964     -56232
 592     38488      30906
 336     49703     -47419
 848     24085      10561
 208     -3956     -12138
 720     -9368       1890
 464     16838      23094
 976    -15258      24818
  48      1523      22868
 560    -18495      21526
 304     -1273       4570
 816    -23127       -868
 176     -3582     -23504
 688    -42030      42622
 432     25309     -57769
 944    -40405      11819
 112     42234       8294
 624    -11918      -4914
 368     23722       5338
 880    -13814      11022
 240      8698     -21488
 752      2166      -1494
 496      3767      -6503
1008    -19143     -15215
   8    -94126       9889
 520       518      -2981
 264      3219      -2566
 776    -30891     -12326
 136     26164     -32141
 648    -44684      10117
 392      5377     -57586
 904    -11745      11458
  72    -47616      70507
 584    -15640       5889
 328    -44793     -76602
 840    -18119       6702
 200      8992     -15201
 712     15666     -12887
 456    -36204     -19419
 968     38762     -10885
  40     22486       -366
 552     66674     -10732
 296    -11507      -7709
 808     20875       9323
 168     15079       9122
 680    -95287      33280
 424     16073      -2002
 936      3935      31428
 104    125896       3785
 616     -6226      14169
 360     15355      -5546
 872      6459      -4920
 232     -6148     -11821
 744      1242      -6735
 488    -53100     -79553
1000    -16494       9557
  24    -26864     105578
 536     -9994     -11130
 280    -15501        223
 792      8571        493
 152     -2337      13005
 664     15517        737
 408    -37600     -13514
 920    -45824     -46888
  88     15547       3965
 600       141     -34299
 344      -492      47256
 856     25100      44534
 216     26854      48565
 728       352       3535
 472    -12936       1115
 984   -103174     -47159
  56     45960     -11991
 568    -43010     -16281
 312     19340       6943
 824      2362      12373
 184     40631       5590
 696     19377     -20092
 440     30799      46884
 952     22069      17446
 120    101699      68053
 632       -83      -7871
 376      6772     -40162
 888     37392     -26704
 248      9855       2942
 760     -7141      -3696
 504     20252      -1015
1016    -12210     -13011
   4    -72221     117368
 516    -17555      -7150
 260      7357      -6182
 772      4659     -72224
 132   -107982     -29064
 644     41954      34942
 388    -70677     -72197
 900    -33271     -23389
  68     60933     -19152
 580     44409     -16676
 324     13031      24800
 836    -12105      22532
 196     11356     -13566
 708     29758      -4292
 452      5140     -51536
 964     90446      60186
  36    120383       3773
 548    -14947     -53171
 292      3220      15078
 804      3212       4332
 164     23670     -23929
 676    -65676      41333
 420       136      -8923
 932    103474       4467
 100     57806     -20859
 612     -2548     -10479
 356     -3503      -9112
 868    -15519       5262
 228    -10381       9758
 740     -2165     -14558
 484    -16843      -8408
 996     27489      14156
  20    -37658     -87897
 532      3292       2621
 276     -3040       2813
 788     -3982       2295
 148     10918       3835
 660     36732      14069
 404    -33036     -42437
 916     65486     -44155
  84      3577      -7848
 596     10517     -54566
 340     38582      65901
 852      4116       2541
 212      4844     -22073
 724     -3908      -5393
 468      8650     -18649
 980     25438      88031
  52    -28712     -18081
 564     -1994     -17055
 308     22748      13729
 820      3726     -32165
 180      7223      25708
 692    -69505      33576
 436     15555      12312
 948      7207     -16368
 116   -126124     104435
 628       722        589
 372     40918       5055
 884     -2944      43441
 244    -28524      -5902
 756     11606        582
 500     -1363       5227
1012     61141      35173
  12     73629     -36143
 524     -8387      -7189
 268      1740       9942
 780      -906      34830
 140    -41824       2983
 652      -798      39765
 396    -77944     -13759
 908      -422       2723
  76    -22508       8753
 588      4440     -14427
 332    -29672      15983
 844     32684     -10833
 204     27713     -30067
 716     -2253      23483
 460     47875     -33733
 972     -2455      -1783
  44    -30352     -23374
 556    -48776      50018
 300      4134       4364
 812    -25478      19772
 172     -3882      26144
 684    -11624        -82
 428     -5028     -11828
 940     17270     -29662
 108    -98466     109982
 620     26564      14630
 364      -499      18335
 876    -14299      -7947
 236    -11380       7042
 748      1996      -1346
 492    -31512      17838
1004      5492     -15838
  28      3610       3734
 540      7884      24842
 284     -9323     -11731
 796      2433      13591
 156     -7825       2000
 668     -8847      28894
 412     14149      11222
 924     -1649      20136
  92     -5166      22539
 604     31704      -8735
 348    -46846      29785
 860     -8536      45927
 220    -25182      -5749
 732      1522      -2865
 476    -78566     -15891
 988     15102     -93283
  60      7887     -46697
 572    -66789      54973
 316     21060      -8074
 828     10714      15426
 188    -23125      -4393
 700     32843     -14819
 444    -56122     -14386
 956    -62188     -28374
 124     79893     -89292
 636    -18171     -11718
 380     52566      62031
 892     18204      72523
 252     12887      -2338
 764    -37779      34332
 508     15425      26062
1020     77063     -28776
   2    -36398      72608
 514     31008      35976
 258     -1525       2993
 770     14639      37027
 130     20574     -71075
 642    -11266      18893
 386     58406     -67971
 898     27986     -40979
  66    -14770     -57993
 578     44704     110391
 322     50511     -38998
 834     -1073      19660
 194     20189      19552
 706    -59211      44594
 450    105210      12627
 962    -21176      14599
  34      1744       6042
 546    -45962      11392
 290      7724      17906
 802     -4798      -3240
 162     -3745      12176
 674        -1     -80946
 418      6968       5897
 930    -44698      26101
  98      2712     -67634
 610    -19980      22342
 354     12990      -4488
 866     11882     -45000
 226      -216      -2808
 738      7602      -4672
 482     38577       5017
 994     -2671      44955
  18     84126      11876
 530     -5592      13730
 274      1626      -1316
 786     -6504     -23362
 146      7912      15497
 658     25826      54533
 402    -16929     -38958
 914     76543     -14408
  82    -18275       9305
 594     32297       -329
 338    -29766     -27010
 850     -1556      -6866
 210     -8437     -24104
 722      5457      -4488
 466     15534     -17457
 978     26250      55181
  50     -1391     -19772
 562     33559     -22824
 306     -5742      14167
 818     23050      -4511
 178       163     -15956
 690     27105       -616
 434    -15368      -7703
 946    -31304      92295
 114    124865      85928
 626    -23415      17832
 370      -943      21846
 882    -36871     -19354
 242    -24185      13114
 754       101       -720
 498    -31981      38304
1010    -66763      49442
  10     90656       7927
 522     10492       9981
 266    -12857       5444
 778    -31431      85156
 138     18081     -55432
 650    -42361       4004
 394     30288     -33991
 906     -9956       4031
  74     78443      71158
 586     43907      44484
 330   -121296       2117
 842      -586      41981
 202      9575       2141
 714     -1317     -18829
 458    -28384      23450
 970     -8374      -7094
  42     -1320     -83289
 554    -33172     -39157
 298     -3206       3963
 810      9954     -11085
 170     -7504      11504
 682     22594      38224
 426     -6205      -4649
 938      2147      10769
 106    -36147      43999
 618     17991       2945
 362    -18979       4295
 874      -185       5953
 234    -15365     -26926
 746     -7731        758
 490   -102198      -2137
1002    -16530      40865
  26     -1452     -16912
 538     13572       -984
 282      8984      -8510
 794     -7960       3926
 154     19397       -752
 666    -21109     -64164
 410    -17470      56471
 922   -115490     115917
  90     -2512     -37600
 602     -2880      18668
 346    -22016     -27992
 858     11508      -8176
 218      9947     -34463
 730      1933       9065
 474      5252     -58368
 986     42760      16130
  58     25714      24787
 570    -76678       9685
 314       203     -11136
 826    -27063      19396
 186     -2308     -33999
 698     73870      24857
 442    -32063     -61790
 954     -2435      -3640
 122     72768       -339
 634     -8984        621
 378    -25458     -12469
 890     -6478     -27281
 250     -1637      -3615
 762     -2279      -9445
 506     -4357     -37609
1018   -118687     -20535
   6    -82145      64330
 518     20057       6282
 262     -1020       1099
 774     -6372       2133
 134     32111       7567
 646    -10293     -22165
 390     25793     -36429
 902     -8627     -14249
  70     50914    -100752
 582      2222        -82
 326     60177      -7329
 838     -2361      36879
 198      5411       4999
 710     -2999     -38793
 454    -39438      25498
 966     77642      -6876
  38      -530     -92186
 550    -31668       3660
 294     10412      -3578
 806     11866      -5452
 166      -804     -13127
 678      6332     -20173
 422     -4103      20764
 934    -16369     -34460
 102     12485      60571
 614    -44363     -15943
 358      5422      25112
 870     39808      18776
 230     -5668       7045
 742     -7344       3997
 486     20490      16931
 998       530       8607
  22     78948      -8605
 534     -8996     -21117
 278     -2162     -11477
 790      6106      14891
 150      3635     -13001
 662    -20875      -4393
 406    -10162     -12320
 918     66578     -15842
  86     -4619        565
 598     -4239     -21279
 342      6333       2693
 854    -14115      11553
 214    -34072       1006
 726      3508       4880
 470    -10467     -47745
 982     73015     -31377
  54     12917      21766
 566     15571       1216
 310      6755      -5884
 822     -7299      19686
 182     41518      39604
 694     71972      48156
 438    -32169      53197
 950    -79249      39491
 118     84816      20899
 630     -2328      -5319
 374      8383     -44886
 886     54745     -22798
 246    -40167      21651
 758     14775     -21811
 502    -46195     -15173
1014    -86157     -17299
  14    -50609     108269
 526     -7395      11171
 270     -1447      -3053
 782     -9941      54225
 142      7177      14330
 654     56109      -3276
 398    -23480      92013
 910    -33542     -62231
  78     17261      -1664
 590     -9971      77798
 334     -3304     -20657
 846     -9126       7531
 206    -21918     -30421
 718     10404      -1055
 462    -19510     -30359
 974       844     -27693
  46    -27814      -3318
 558    -29578      16598
 302      3236       1322
 814     -5840       6174
 174      4066     -10079
 686      1440     -14407
 430     15259      -5988
 942    -31937      -6686
 110    -40591     118976
 622     24997       6374
 366     12350      23421
 878    -36804      -1431
 238     39221      13677
 750      -879        643
 494     16924      18800
1006    -57602     -14956
  30    -24028     -22663
 542     37042      31231
 286     -1384       3073
 798      6366       6939
 158      -368       6711
 670     60208     -21545
 414     -7788      16365
 926   -100000     -26063
  94     29123     -10810
 606     -9649         20
 350     18746     -10287
 862     59264      -8999
 222     -9705     -33642
 734     -3479       1420
 478     -2099       -456
 990     45447      -7822
  62    124884      -6412
 574     13926      11630
 318    -19960     -35870
 830     14278     -40932
 190     22108     -29036
 702     41158      12158
 446     15336     -30844
 958    -69170    -109014
 126    127017     -75678
 638    -21155      20922
 382     35571     -23750
 894     37703      -8574
 254     -3337      -1002
 766     33831     -12876
 510    -42040     -36901
1022    100026     -68813
   1    130344     -42007
 513      3000      18511
 257      1491       1298
 769     19901       9254
 129     30210      24656
 641    -11470      -4668
 385     66280      26094
 897     47684       7654
  65    -46443      11946
 577    -48937     103342
 321     53170     -25703
 833    -37466        411
 193    -42313      -1365
 705     31285      21597
 449    -68267     -44363
 961      5963      21007
  33    -11091      32256
 545     63989       6576
 289      2741       1594
 801     12981      10162
 161     25041      -7980
 673    -17293     -36634
 417      4277       3190
 929     43835      70908
  97     52590     -33446
 609     -1964     -21354
 353     -4745      11097
 865     24871     -11537
 225    -13241     -10280
 737      3927      -2604
 481     18179      -6484
 993     24799       9272
  17     31048      99203
 529      -970      -5279
 273     -4572      -4367
 785      9694       8119
 145      -124      22509
 657     60870      31495
 401    -29928     -14755
 913     -3842     -33093
  81     28738      -7494
 593     53074     -48198
 337    -10370     102088
 849     15598      -7904
 209      4718     -10255
 721       326      -4543
 465     19958     -20589
 977    -36602       8583
  49     12933       9742
 561     14725     -21692
 305     -8314       3511
 817      1176     -12529
 177     24249      27421
 689     12841      44213
 433    -30289      12617
 945   -109841      26973
 113    -64862     108264
 625     29520     -15272
 369     29553     -27493
 881     20889      50233
 241    -19184     -40782
 753      -356       9368
 497    -33821     -11917
1009    -45635       -673
   9    -29336      19457
 521     13168      10113
 265     -5762       9747
 777    -19750      63099
 137     17503       1307
 649     -2477     -22263
 393    -39910      12282
 905     -2300      -8614
  73    -12971    -121810
 585    -54065      43330
 329     71484     -54237
 841      5996      42985
 201      3722      -8364
 713    -21420      17574
 457      6616      -1940
 969     -5314     -60330
  41     47676     -48313
 553    -67796      10187
 297     -1876       6959
 809    -33332       6275
 169      7254      -9610
 681    -13050      71924
 425     13799      -7749
 937     11237      -2121
 105    -22895      40270
 617      2041        614
 361       157      -8552
 873     13801      26456
 233    -12665       5332
 745     -3933      -2326
 489    -41330      -2803
1001     24496     -25295
  25     52584      28269
 537     -9128       5301
 281      7176        285
 793     -2544      -4595
 153      3265      -8189
 665     47127      70971
 409    -71218      -4276
 921     35170      59554
  89     19000     -19195
 601    -24322     -22621
 345     -5726      10733
 857     38488      10847
 217     20016     -18707
 729     -3940      -4347
 473     15800     -20209
 985     97132      -6189
  57     -6315     -37139
 569    -25255     -21657
 313     21852      -8294
 825     12426       2458
 185     13094       5419
 697     53192     -13247
 441    -20190      21947
 953    -13972     -24983
 121    -49926     -89062
 633     -8342      -3338
 377      9492      32726
 889    -20740      31202
 249     -2250      31375
 761    -23564     -34419
 505    -47112      21335
1017    -37926     112045
   5     29146    -110847
 517      1442      29383
 261     -4885      -1110
 773    -48747     -10874
 133     10817      -7769
 645    -16871         27
 389     21687     -63923
 901     -6925     -20647
  69   -101368      61289
 581     12810       1151
 325     11104     -85121
 837    -24442     -21155
 197     13544     -10453
 709    -14816      29797
 453     47139     -48140
 965     62829     -28824
  37     83045     -75436
 549    -19107        100
 293     10325      13132
 805      7697      12984
 165     -9240      30181
 677    -11242     -35741
 421    -13470      -6957
 933    -59144     -10039
 101     40254     113232
 613    -22068      22540
 357     -5069     -18363
 869     25679      -6377
 229    -23046         11
 741    -11186      -6467
 485    -29443      11314
 997    -14241       4094
  21      9844     -23860
 533     -2044      16918
 277      4625        315
 789    -16961      -2213
 149     11157      -3886
 661     56661     -34118
 405    -30709      17202
 917    -63029     -38654
  85       755      11913
 597      9633       3645
 341    -55272     -32548
 853    -15092       4166
 213     -5915        843
 725      2769      -2109
 469     12543     -46357
 981     18699       -825
  53      5115       8387
 565     19053      37337
 309     22723      -5851
 821     11349      19219
 181     12207      13095
 693    -23349      98967
 437     10279     -31485
 949    -51361      11435
 117    -39561     -67362
 629      -331       6016
 373     58081     -16306
 885     23991      46260
 245     35684     -11316
 757    -10784      12612
 501     75274       4098
1013     87406     -83890
  13     57659      59857
 525    -15025       2881
 269     -8277       2763
 781    -36525      34083
 141    -11024       6525
 653      4390       2777
 397    -16247      36728
 909     -6967      21986
  77     38854     -12940
 589    -44984      14000
 333     37521      46405
 845      3177     -13721
 205     11704     -55278
 717    -21692     -20354
 461    -26780       9990
 973     35592      27498
  45    -41099     -17139
 557     -8713     -20011
 301     -5564       3560
 813     12512     -22866
 173     -3144     -14531
 685     15826       3991
 429     19228     -18689
 941     -4758      -1467
 109     25231     -22366
 621    -19399      -9838
 365     -1750      17079
 877      3950     -22243
 237    -13166     -29439
 749      -254        593
 493    -59102       8871
1005       202      20847
  29     75773      14792
 541    -37731     -48576
 285    -23205      18692
 797      4879       8488
 157     13199      -1955
 669    -11651      38565
 413      3342       4394
 925     37874      50240
  93     34996      18758
 605     -1548      -5828
 349       323     -26423
 861     40953       6049
 221     -3880      12070
 733      6594       2504
 477    -46164      34808
 989    -42762       -354
  61     20848      38257
 573    -40062     101975
 317    -20888     -23139
 829    -15482      34671
 189     18938        -74
 701     16480     -12098
 445     18289      27693
 957   -119411      47027
 125    113687    -126622
 637    -14277      24396
 381     -1658     -29091
 893      3764     -35683
 253      -241       2425
 765    -12831       -343
 509    -36674      -3980
1021    -37314     111434
   3   -109276     -44070
 515      3658      26542
 259     -1739      -1975
 771     -3843      -7637
 131     55202     -15468
 643    -17912      -4980
 387     96385     -37149
 899     29597     -37031
  67    -10836      53593
 579     82104      37663
 323    -16395     -24940
 835     -2725       4708
 195      7611      15632
 707     33877     -37546
 451    -32441      23524
 963     61261     113838
  35     38955      62660
 547     33893     -23976
 291     -6314      -7647
 803      7290       2867
 163    -20162       1956
 675    -27230     -39880
 419     11948      -2522
 931     -6404       3814
  99     17146      -3823
 611     -1814     -15021
 355        43      21366
 867    -34591        -66
 227    -21745     -17928
 739      4967      -8972
 483    -49419     -69272
 995    -24739     -51812
  19    122834     110103
 531     -4064      -3889
 275      2451         -6
 787     17651       6268
 147      9888       5190
 659     18852     -40006
 403      5510       8152
 915    -54210      34788
  83    -22077      -8169
 595     20865       -721
 339     14444     -54540
 851     -5856       2306
 211    -29762      -2347
 723      -466       9689
 467     19724     -22313
 979     11480      -8441
  51     12410      -5874
