127         0          0
  0      8066       7894
 64       -40        -44
 32       -22         66
 96      -108        -16
 16       -72          0
 80        -8          4
 48       -85         21
112       -99       -277
  8      -305         79
 72        -5        -31
 40       -58         64
104      -140       -112
 24         0         24
 88       -46         24
 56       -78        -24
120       136       -536
  4      -690        384
 68       -20        -40
 36       -41         69
100      -129        -57
 20       -23          7
 84       -23         21
 52       -84         -1
116       -14       -383
 12      -155          8
 76        -1        -16
 44       -74         47
108      -138       -187
 28        -2         50
 92       -76         12
 60       -61        -40
124       507       -898
  2     -1379       1025
 66       -31        -43
 34       -31         69
 98      -119        -35
 18       -49         -3
 82        -9          9
 50       -90         13
114       -60       -331
 10      -211         28
 74        -5        -22
 42       -63         54
106      -133       -144
 26         3         44
 90       -61         20
 58       -70        -34
122       260       -666
  6      -437        179
 70       -15        -35
 38       -49         67
102      -131        -75
 22       -11         18
 86       -29         22
 54       -83        -15
118        43       -449
 14      -108         -9
 78        -4         -5
 46       -84         37
110      -116       -231
 30       -10         65
 94      -100          3
 62       -47        -47
126      1181      -1557
  1     -2690       2325
 65       -38        -45
 33       -19         64
 97      -113        -16
 17       -54         -3
 81       -12          5
 49       -85         18
113       -77       -300
  9      -262         53
 73        -2        -21
 41       -65         60
105      -143       -136
 25        -2         40
 89       -56         22
 57       -74        -29
121       188       -597
  5      -538        257
 69       -12        -43
 37       -45         70
101      -137        -68
 21       -15         20
 85       -29         16
 53       -85         -8
117         5       -412
 13      -132         -5
 77        -2         -5
 45       -77         42
109      -125       -208
 29        -4         52
 93       -78         10
 61       -56        -40
125       738      -1118
  3      -931        594
 67       -23        -46
 35       -29         74
 99      -125        -42
 19       -28          5
 83       -16         17
 51       -90          1
115       -38       -355
 11      -186         14
 75        -2        -18
 43       -70         50
107      -134       -166
 27        -9         44
 91       -71         16
 59       -65        -34
123       361       -762
  7      -369        124
 71       -11        -34
 39       -51         68
103      -145        -94
 23        -9         24
 87       -37         20
 55       -79        -22
119        77       -494
 15       -81        -14
 79        -5          2
 47       -85         28
111      -101       -248
 31       -12         62
 95       -96         -4
 63       -43        -42
127      2503      -2864
